,spread_line,wp
0,-17.0,0.9785644799693581
1,-16.5,0.9664481359336622
2,-16.0,0.9541320040767194
3,-15.5,0.9416230741735192
4,-15.0,0.9289283359990507
5,-14.5,0.916054779328303
6,-14.0,0.9030093939362659
7,-13.5,0.8897991695979285
8,-13.0,0.8764310960882798
9,-12.5,0.8629121631823095
10,-12.0,0.8492493606550066
11,-11.5,0.8354496782813606
12,-11.0,0.8215201058363606
13,-10.5,0.8074676330949961
14,-10.0,0.7932992498322565
15,-9.5,0.7790219458231307
16,-9.0,0.7646427108426082
17,-8.5,0.7501685346656783
18,-8.0,0.7356064070673305
19,-7.5,0.7209633178225536
20,-7.0,0.7062462567063373
21,-6.5,0.6914622134936709
22,-6.0,0.6766181779595436
23,-5.5,0.6617211398789445
24,-5.0,0.6467780890268633
25,-4.5,0.6317960151782889
26,-4.0,0.6167819081082109
27,-3.5,0.6017427575916182
28,-3.0,0.5866855534035007
29,-2.5,0.5716172853188471
30,-2.0,0.5565449431126471
31,-1.5,0.5414755165598899
32,-1.0,0.5264159954355647
33,-0.5,0.5113733695146608
34,0.0,0.49635462857216767
35,0.5,0.48136676238307435
36,1.0,0.46641676072237037
37,1.5,0.45151161336504486
38,2.0,0.43665831008608724
39,2.5,0.42186384066048666
40,3.0,0.40713519486323263
41,3.5,0.3924793624693142
42,4.0,0.3779033332537209
43,4.5,0.3634140969914418
44,5.0,0.34901864345746636
45,5.5,0.33472396242678387
46,6.0,0.3205370436743835
47,6.5,0.3064648769752547
48,7.0,0.2925144521043867
49,7.5,0.2786927588367688
50,8.0,0.2650067869473902
51,8.5,0.2514635262112404
52,9.0,0.23806996640330852
53,9.5,0.22483309729858392
54,10.0,0.21175990867205594
55,10.5,0.19885739029871383
56,11.0,0.1861325319535469
57,11.5,0.17359232341154437
58,12.0,0.16124375444769565
59,12.5,0.14909381483699
60,13.0,0.13714949435441667
61,13.5,0.12541778277496501
62,14.0,0.11390566987362437
63,14.5,0.10262014542538392
64,15.0,0.09156819920523301
65,15.5,0.08075682098816094
66,16.0,0.070193000549157
67,16.5,0.0598837276632105
68,17.0,0.04983599210531073
